1334800
138873
149287217
156766505
156766509
156766513
156766517
156766521
156766525
156766529
156766533
156766537
156766541
156766545
156766549
156766553
156766557
156766561
156766565
162289596
18025358
18029444
18158484
18999349
195764992
204324151
208429852
210148195
21038821
21063917
22252953
229342012
229554367
23334599
23334603
23334612
23334619
23334622
237642071
241897474
257677
27435584
283139266
28395436
294441962
3170012
319826928
32265024
322688187
326392949
33235700
33235706
336181117
338826805
34447098
359427494
375127533
378941792
38112390
38112395
38112399
38260410
38260414
383289787
389617268
39726203
399221035
400261362
400354852
401715658
402914238
41057570
410825520
416948801
422933778
47531122
482679745
514054786
514054792
514054798
514054804
514054810
514054816
514054822
514054828
514252782
51872299
544446249
554888643
557307522
56698740
5689342
589917388
601447521
6120120
6136264
6136265
6136266
62857328
672351302
672432742
698029512
725827723
725827726
725827729
726965478
726965482
726965486
726965490
726965494
7321336
746590040
753220758
7959361
807066835
817524604
9630380
9633607
